MPUlt Macro File
120-cell_Mirror(Z) 4 7
3C3Cycle 1 10 103
-1.960993 -2.056195 0.538953 -1.915995 
1125904201809923 1125904201809939 1125904201809923 1125904201809939 1125904201809950 1125904201809939 1125904201809923 1125904201809939 1125904201809923 1125904201809950 
level1 1 4 14
3.132743 -0.712327 -0.808079 -0.963009 
281479271677959 281479271677966 281479271677959 281479271677966 
3CDoubleRot 1 30 103
-1.175435 -2.242531 0.889106 -2.165064 
1125904201809929 1125904201809966 1125904201809929 1125904201809966 1125904201809939 1125904201809966 1125904201809929 1125904201809966 1125904201809929 1125904201809939 1125904201809959 281479271678000 1125904201809976 1125904201809938 1125904201809928 1125904201809939 
1125904201809929 1125904201809966 1125904201809929 1125904201809966 1125904201809939 1125904201809966 1125904201809929 1125904201809966 1125904201809929 1125904201809928 1125904201809938 1125904201809976 281479271678000 1125904201809959 
level1setup0 1 14 64
0.564195 0.011438 -1.087113 -3.236068 
281479271677981 281479271678010 1125904201809973 281479271678003 281479271677979 281479271677959 281479271677978 281479271677959 281479271677978 281479271677979 281479271678003 1125904201809973 281479271678010 281479271677981 
level3 1 22 14
3.073697 -0.764906 -0.864655 -1.026053 
281479271677959 281479271677966 281479271677959 281479271677966 281479271677970 281479271677966 281479271677959 281479271677966 281479271677959 281479271677970 281479271677985 281479271677970 281479271677959 281479271677966 281479271677959 281479271677966 
281479271677970 281479271677966 281479271677959 281479271677966 281479271677959 281479271677985 
level2 1 10 14
3.072407 -0.777760 -0.870362 -1.020194 
281479271677959 281479271677966 281479271677959 281479271677966 281479271677970 281479271677966 281479271677959 281479271677966 281479271677959 281479271677970 
2C3Cycle 1 30 64
0.623127 0.002763 -0.991759 -3.236068 
281479271677981 281479271678010 1125904201809973 281479271678003 281479271677979 281479271677959 281479271677978 281479271677959 281479271677978 281479271677979 281479271678003 1125904201809973 281479271678010 281479271677981 1125904201809979 281479271677981 
281479271678010 1125904201809973 281479271678003 281479271677979 281479271677978 281479271677959 281479271677978 281479271677959 281479271677979 281479271678003 1125904201809973 281479271678010 281479271677981 1125904201809979 
